4.86549652294382
1.75
1.0
1.0
1.0
1.0
1.0
1.0
1.3333333333333333
1.0
1.6
1.5
1.4
1.0
1.0
1.0
1.3333333333333333
1.0
1.6666666666666667
1.0
1.0
1.3333333333333333
1.0
1.0
1.0
1.0
1.0
1.0
1.0
1.0
1.0
1.0
1.0
1.0
1.0
1.0
1.3333333333333333
1.0
1.3333333333333333
1.3333333333333333
1.0
1.3333333333333333
1.0
1.0
1.0
1.0
1.0
1.0
1.0
1.0
1.0
1.0
1.0
1.0
1.0
1.0
1.0
1.0
1.0
1.0
1.0
1.0
1.3333333333333333
1.0
1.0
1.0
1.0
1.0
1.0
1.0
1.0
1.0
1.0
1.0
1.0
1.0
1.0
1.0
1.0
1.0
1.0
1.0
1.0
1.0
1.0
1.3333333333333333
1.0
1.0
1.0
1.0
1.3333333333333333
1.0
1.0
1.0
1.0
1.3333333333333333
1.0
1.0
1.0
1.0
1.0
1.0
1.0
1.0
1.0
1.0
1.0
1.0
1.0
1.0
1.0
1.0
1.0
1.0
1.0
1.0
1.3333333333333333
1.0
1.0
1.0
1.0
1.0
1.0
1.0
1.0
1.0
1.0
1.0
1.0
1.0
1.0
1.0
1.0
1.0
1.0
1.0
1.0
1.0
1.0
1.0
1.0
1.0
1.0
2.0476190476190474
1.0
1.0
1.0
1.0
1.0
1.0
1.0
1.0
1.0
1.3333333333333333
1.0
1.3333333333333333
1.0
1.0
1.0
1.0
1.0
1.0
1.0
1.0
1.0
1.0
1.0
1.0
1.0
1.0
1.0
1.0
1.0
1.0
1.0
1.3333333333333333
1.0
1.0
1.0
1.0
1.0
1.0
1.0
1.0
1.0
1.0
1.0
1.0
1.0
1.0
1.0
1.0
1.0
1.0
1.3333333333333333
1.0
1.0
1.0
1.0
1.0
1.0
1.0
1.0
1.3333333333333333
1.0
1.0
1.0
1.0
1.0
1.0
1.0
1.0
1.0
1.0
1.3333333333333333
1.0
1.0
1.0
1.0
1.0
1.0
1.0
1.0
1.0
1.0
1.0
1.0
1.3333333333333333
1.0
1.0
1.0
1.0
1.0
1.0
1.0
1.0
1.0
1.0
1.3333333333333333
1.0
1.0
1.0
1.0
1.0
1.0
1.0
1.0
1.0
1.0
1.0
1.0
1.0
1.0
1.0
1.0
1.0
1.0
1.0
1.0
1.3333333333333333
1.0
1.0
1.0
1.0
1.0
1.0
1.0
1.0
1.0
1.0
1.5
1.0
1.3333333333333333
1.0
1.6666666666666667
1.0
1.0
1.0
1.0
1.0
1.0
1.0
1.0
1.0
1.0
1.0
1.0
1.0
1.3333333333333333
1.0
1.3333333333333333
1.0
1.0
1.0
1.3333333333333333
1.0
1.0
1.3333333333333333
1.0
1.1666666666666667
1.0
1.0
1.0
1.0
1.0
1.0
1.0
1.0
1.0
1.0
1.3333333333333333
1.0
1.0
1.0
2.5494505494505493
1.0
1.0
1.0
1.0
1.0
1.0
1.0
1.0
1.3333333333333333
1.0
1.0
2.4444444444444446
1.0
1.0
1.0
1.0
1.3333333333333333
1.0
1.0
1.0
1.0
1.0
1.0
1.0
1.0
1.0
1.0
1.0
1.0
1.0
1.0
1.0
1.3333333333333333
1.0
1.0
1.0
1.0
1.0
1.0
1.0
1.0
1.0
1.1666666666666667
1.0
1.0
1.0
1.0
1.0
1.0
1.0
1.0
1.0
1.3333333333333333
1.0
1.0
1.0
1.3333333333333333
1.0
1.0
1.9333333333333333
1.0
1.0
1.0
1.0
1.0
1.0
1.0
1.0
1.3333333333333333
1.0
1.0
1.0
1.0
1.0
1.0
1.0
1.0
1.0
1.0
1.0
1.0
1.0
1.0
1.0
1.0
1.0
1.0
1.0
1.0
1.0
1.0
1.0
1.0
1.0
1.0
1.0
1.0
1.0
1.0
1.0
1.0
1.0
1.0
1.0
1.0
1.0
1.0
1.0
1.0
1.0
1.0
1.0
1.0
1.0
1.0
1.0
1.0
1.3333333333333333
1.0
1.3333333333333333
1.3333333333333333
1.0
1.0
1.0
1.0
1.0
1.0
1.3333333333333333
1.0
1.0
1.0
1.0
1.0
1.3333333333333333
1.0
1.0
1.0
1.0
1.0
1.0
1.0
1.0
1.0
1.5
1.0
1.0
1.1666666666666667
1.0
1.0
1.0
1.0
1.3333333333333333
1.3333333333333333
1.0
1.0
1.0
1.0
1.0
1.3333333333333333
1.0
1.0
1.0
1.0
1.0
1.0
1.0
1.0
1.0
1.0
1.0
1.0
1.0
1.0
1.0
1.0
1.0
1.0
1.0
1.0
1.0
1.0
1.0
1.0
1.0
1.0
1.0
1.0
1.0
1.0
1.0
1.0
1.0
1.0
1.0
1.0
1.6666666666666667
1.0
1.0
1.0
1.0
1.0
1.0
1.6666666666666667
1.0
1.0
1.0
1.0
1.0
1.0
1.0
1.3
1.0
1.0
1.0
1.0
1.0
1.0
1.0
1.0
1.0
1.0
1.0
1.0
1.0
1.0
1.0
1.3333333333333333
1.0
1.0
1.0
1.0
1.0
1.0
1.0
1.0
1.0
1.0
1.0
1.0
1.0
1.8333333333333333
1.3333333333333333
1.0
1.0
1.0
1.0
1.0
1.0
1.0
1.0
1.0
1.0
1.0
1.0
1.0
1.0
1.0
1.0
1.0
1.0
1.0
1.0
1.0
1.0
1.0
1.3333333333333333
1.0
1.0
1.0
1.3272727272727274
1.0
1.0
1.0
1.0
1.0
1.0
1.0
1.0
1.0
1.0
1.0
1.0
1.5
1.0
1.0
1.0
1.0
1.6666666666666667
1.3333333333333333
1.0
1.6666666666666667
1.0
1.6
1.3333333333333333
1.0
1.0
1.0
1.0
1.6
1.0
1.0
1.0
1.0
1.0
1.0
1.0
1.0
1.3333333333333333
1.0
1.0
1.0
1.0
1.0
1.0
1.0
1.0
1.0
1.0
1.0
1.0
1.0
1.0
1.0
1.0
1.0
1.0
1.4
1.0
1.0
1.3333333333333333
1.0
1.0
1.0
1.0
1.0
1.0
1.0
1.0
1.0
1.0
1.0
1.0
1.3333333333333333
1.0
1.3333333333333333
1.0
1.0
1.0
1.0
1.0
1.0
1.0
1.0
1.3333333333333333
1.0
1.0
1.0
1.0
1.0
1.0
1.0
1.0
1.0
1.0
1.0
1.0
1.0
1.0
1.0
1.0
1.0
1.0
1.0
1.8666666666666667
1.0
1.0
1.0
1.0
1.0
1.0
1.0
1.0
1.3333333333333333
1.0
1.0
1.0
1.0
1.0
1.0
1.0
1.0
1.0
1.5
1.0
1.0
1.0
1.0
1.0
1.0
1.0
1.0
1.0
1.0
1.0
1.0
1.0
1.0
1.0
1.0
1.0
1.0
1.0
1.0
1.0
1.0
1.0
1.0
1.0
1.0
1.5
1.0
1.0
1.0
1.0
1.0
1.0
1.0
1.0
1.0
1.0
1.0
1.0
1.0
1.0
1.0
1.0
1.6785714285714286
1.9047619047619047
1.0
1.0
1.0
1.0
1.0
1.0
1.0
1.0
1.0
1.0
1.0
1.0
1.0
1.0
1.0
1.0
1.0
1.0
1.0
1.0
1.0
1.0
1.0
1.0
1.0
1.0
1.0
1.4
1.0
1.0
1.0
1.0
1.0
1.0
1.0
1.0
1.0
1.0
1.0
1.0
1.0
1.0
1.0
1.0
1.0
1.0
1.0
1.0
1.0
1.0
1.0
1.0
1.0
1.0
1.0
1.0
1.0
1.0
1.0
1.0
1.0
1.0
1.0
1.0
1.0
1.0
1.0
1.3333333333333333
1.0
1.3333333333333333
1.0
1.0
1.0
1.0
1.0
1.0
1.0
1.0
1.0
1.0
1.0
1.0
1.0
1.0
1.0
1.0
1.0
1.0
1.6428571428571428
1.0
1.0
1.0
1.0
1.0
1.0
1.0
1.0
1.4
1.0
1.0
1.0
1.3333333333333333
1.0
1.0
1.0
1.0
1.0
1.3333333333333333
1.0
1.0
1.3333333333333333
1.0
1.0
1.0
1.0
1.0
1.0
1.0
1.0
1.619047619047619
1.0
1.0
1.0