1 9
1 62
1 30
2 89
2 4
2 21
2 29
3 99
3 41
3 18
3 11
4 62
4 14
5 46
6 8
6 57
6 74
7 34
7 36
7 71
8 34
8 44
9 67
9 19
9 61
9 70
10 24
10 41
10 18
10 97
10 89
11 33
11 85
12 80
12 60
13 96
13 73
13 98
13 45
13 85
14 81
14 23
15 81
15 26
15 83
15 45
16 30
16 31
17 55
18 41
18 47
18 48
18 20
18 55
20 66
20 21
21 72
21 83
21 90
22 42
23 48
23 87
24 98
24 90
25 65
25 43
25 62
26 36
27 41
27 94
28 37
28 77
29 96
29 45
29 69
30 51
32 48
32 99
32 37
32 86
33 99
33 57
34 75
34 81
34 53
34 61
35 88
35 87
35 45
35 63
36 97
36 39
36 40
36 74
36 85
37 98
37 63
38 98
38 71
39 75
43 96
43 83
44 89
44 87
44 79
45 68
46 82
47 72
47 75
48 97
48 59
49 56
49 96
49 82
50 64
51 88
51 67
51 52
51 95
52 67
52 55
53 91
55 56
55 97
56 82
57 83
57 93
57 65
58 75
59 80
59 94
61 64
62 85
62 73
63 89
63 75
65 82
66 71
68 73
68 97
70 91
70 84
70 78
72 98
73 94
76 90
78 98
80 83
83 85
87 88
90 97
100 135
100 136
100 138
100 143
100 148
100 150
100 151
100 152
100 153
100 155
100 159
100 160
100 166
100 167
100 178
100 180
100 182
100 184
100 185
100 189
100 193
100 194
100 195
100 196
100 197
100 103
100 110
100 114
100 121
100 123
101 132
101 133
101 134
101 137
101 138
101 141
101 142
101 143
101 150
101 151
101 152
101 153
101 159
101 160
101 162
101 165
101 166
101 167
101 168
101 173
101 176
101 178
101 186
101 192
101 196
101 197
101 198
101 104
101 105
101 106
101 108
101 109
101 110
101 113
101 114
101 117
101 118
101 122
101 124
101 126
102 130
102 136
102 137
102 140
102 144
102 145
102 147
102 150
102 153
102 154
102 159
102 162
102 167
102 172
102 176
102 178
102 184
102 199
102 107
102 111
102 112
102 113
102 115
102 116
102 117
102 125
103 128
103 140
103 142
103 143
103 146
103 149
103 150
103 152
103 156
103 160
103 161
103 169
103 171
103 172
103 173
103 177
103 181
103 186
103 189
103 191
103 193
103 198
103 199
103 104
103 106
103 107
103 108
103 109
103 112
103 113
103 114
103 117
103 120
103 124
104 133
104 139
104 141
104 143
104 147
104 151
104 153
104 162
104 164
104 168
104 170
104 172
104 174
104 181
104 182
104 183
104 191
104 194
104 195
104 197
104 107
104 117
104 118
104 121
104 122
104 124
104 127
105 131
105 135
105 140
105 147
105 148
105 149
105 155
105 157
105 158
105 159
105 160
105 162
105 166
105 167
105 168
105 169
105 170
105 172
105 177
105 178
105 179
105 183
105 191
105 197
105 199
105 109
105 110
105 114
105 116
105 119
105 120
105 121
106 133
106 138
106 139
106 143
106 147
106 150
106 154
106 158
106 162
106 163
106 169
106 170
106 172
106 173
106 183
106 184
106 185
106 186
106 193
106 108
106 109
106 114
106 120
106 124
106 126
106 127
107 129
107 131
107 136
107 139
107 141
107 143
107 145
107 146
107 148
107 149
107 152
107 157
107 158
107 159
107 162
107 178
107 179
107 180
107 182
107 187
107 191
107 193
107 196
107 199
107 108
107 109
107 112
107 114
107 117
107 121
108 128
108 129
108 140
108 141
108 146
108 148
108 149
108 158
108 160
108 170
108 175
108 176
108 178
108 179
108 181
108 185
108 189
108 191
108 195
108 110
108 113
108 120
108 124
108 125
108 127
109 134
109 136
109 137
109 139
109 140
109 146
109 148
109 152
109 154
109 156
109 164
109 165
109 171
109 172
109 176
109 178
109 179
109 180
109 186
109 188
109 190
109 196
109 197
109 199
109 112
109 113
109 114
109 118
109 120
109 121
109 122
109 123
109 126
110 128
110 131
110 136
110 138
110 142
110 146
110 148
110 149
110 151
110 152
110 153
110 158
110 159
110 160
110 161
110 164
110 166
110 171
110 182
110 183
110 184
110 189
110 194
110 199
110 111
110 113
110 117
110 121
110 122
110 126
111 131
111 132
111 135
111 137
111 139
111 142
111 143
111 145
111 150
111 152
111 158
111 159
111 160
111 163
111 174
111 180
111 181
111 182
111 183
111 190
111 196
111 198
111 114
111 122
111 125
111 127
112 128
112 139
112 141
112 144
112 148
112 154
112 155
112 161
112 162
112 168
112 169
112 170
112 173
112 178
112 180
112 182
112 184
112 187
112 188
112 199
112 116
112 117
112 119
112 122
112 124
112 125
113 134
113 135
113 138
113 140
113 145
113 147
113 150
113 156
113 157
113 160
113 162
113 164
113 167
113 169
113 172
113 178
113 180
113 181
113 191
113 192
113 199
113 116
113 119
113 125
114 131
114 133
114 137
114 138
114 141
114 142
114 143
114 145
114 147
114 153
114 155
114 157
114 158
114 165
114 167
114 168
114 169
114 171
114 176
114 184
114 189
114 190
114 194
114 195
114 120
114 125
115 133
115 134
115 135
115 137
115 142
115 144
115 146
115 148
115 151
115 152
115 153
115 156
115 166
115 169
115 171
115 177
115 180
115 187
115 188
115 190
115 193
115 194
115 198
115 124
115 127
116 129
116 131
116 135
116 137
116 138
116 144
116 145
116 147
116 148
116 149
116 151
116 154
116 156
116 163
116 166
116 167
116 178
116 182
116 189
116 190
116 121
117 129
117 135
117 140
117 141
117 143
117 148
117 155
117 156
117 158
117 161
117 162
117 165
117 170
117 172
117 178
117 182
117 188
117 192
117 194
117 118
117 127
118 128
118 129
118 131
118 137
118 143
118 144
118 147
118 148
118 150
118 152
118 154
118 155
118 159
118 160
118 164
118 166
118 169
118 172
118 175
118 177
118 181
118 182
118 183
118 190
118 119
119 133
119 135
119 139
119 141
119 145
119 146
119 147
119 153
119 154
119 155
119 160
119 165
119 171
119 179
119 180
119 181
119 184
119 186
119 194
119 195
119 197
120 128
120 131
120 133
120 135
120 136
120 137
120 138
120 139
120 141
120 142
120 144
120 145
120 152
120 156
120 161
120 162
120 163
120 165
120 172
120 177
120 180
120 181
120 183
120 191
120 194
120 195
120 199
120 121
120 125
121 129
121 132
121 133
121 138
121 140
121 146
121 147
121 153
121 155
121 156
121 163
121 167
121 168
121 173
121 176
121 180
121 184
121 185
121 187
121 189
121 192
121 198
122 129
122 136
122 140
122 147
122 154
122 156
122 162
122 170
122 174
122 176
122 180
122 182
122 184
122 190
122 199
122 123
122 127
123 132
123 133
123 135
123 141
123 143
123 145
123 147
123 152
123 153
123 163
123 164
123 166
123 170
123 173
123 176
123 177
123 178
123 180
123 183
123 186
123 188
123 189
123 191
123 193
123 196
123 198
123 125
123 127
124 129
124 130
124 132
124 135
124 141
124 145
124 151
124 160
124 162
124 166
124 168
124 171
124 172
124 173
124 181
124 182
124 186
124 188
124 191
124 195
125 128
125 134
125 143
125 159
125 160
125 164
125 168
125 169
125 180
125 182
125 185
125 188
125 190
125 196
125 197
125 199
126 130
126 132
126 133
126 134
126 136
126 140
126 141
126 146
126 147
126 148
126 151
126 153
126 160
126 165
126 166
126 167
126 168
126 172
126 175
126 177
126 178
126 181
126 186
126 189
126 191
126 195
126 196
127 128
127 129
127 131
127 132
127 136
127 137
127 138
127 144
127 153
127 156
127 167
127 170
127 176
127 186
127 191
127 192
127 196
128 134
128 137
128 140
128 148
128 149
128 156
128 160
128 172
128 173
128 177
128 178
128 182
128 187
128 188
128 192
128 199
129 130
129 132
129 140
129 141
129 145
129 149
129 154
129 158
129 162
129 163
129 166
129 171
129 174
129 176
129 179
129 180
129 181
129 186
129 187
129 188
129 190
129 191
129 196
129 197
129 198
130 132
130 133
130 138
130 148
130 149
130 153
130 156
130 162
130 163
130 167
130 169
130 172
130 174
130 177
130 180
130 181
130 184
130 186
130 191
130 194
130 195
130 196
131 134
131 140
131 141
131 144
131 146
131 147
131 151
131 157
131 159
131 160
131 166
131 167
131 168
131 173
131 174
131 175
131 176
131 178
131 181
131 188
131 193
132 135
132 142
132 145
132 149
132 154
132 159
132 160
132 162
132 174
132 176
132 183
132 184
132 186
132 187
132 192
132 193
132 194
132 195
132 196
133 136
133 137
133 139
133 141
133 143
133 147
133 151
133 152
133 154
133 159
133 161
133 167
133 171
133 172
133 173
133 175
133 176
133 182
133 183
133 186
133 189
133 194
133 198
133 199
134 135
134 137
134 138
134 140
134 141
134 143
134 147
134 153
134 156
134 160
134 166
134 167
134 169
134 171
134 175
134 178
134 179
134 184
134 185
134 196
134 198
135 136
135 137
135 143
135 144
135 160
135 161
135 167
135 168
135 170
135 171
135 177
135 183
135 184
135 185
135 190
135 194
135 196
135 199
136 143
136 145
136 146
136 148
136 151
136 152
136 153
136 154
136 155
136 160
136 162
136 165
136 170
136 171
136 172
136 173
136 177
136 180
136 188
136 189
136 192
136 194
137 141
137 142
137 143
137 150
137 154
137 155
137 159
137 160
137 162
137 167
137 170
137 172
137 174
137 176
137 194
137 199
138 152
138 153
138 163
138 164
138 175
138 176
138 177
138 179
138 181
138 184
138 186
138 188
138 189
138 192
138 197
139 144
139 146
139 148
139 157
139 160
139 161
139 163
139 164
139 166
139 172
139 173
139 181
139 184
139 185
139 187
139 190
139 193
139 197
140 143
140 145
140 152
140 160
140 165
140 168
140 173
140 174
140 176
140 177
140 186
140 188
140 198
141 145
141 151
141 152
141 153
141 156
141 157
141 160
141 163
141 164
141 165
141 166
141 168
141 169
141 174
141 179
141 181
141 184
141 186
141 194
141 196
141 199
142 143
142 144
142 145
142 147
142 148
142 150
142 155
142 158
142 161
142 162
142 172
142 177
142 180
142 183
142 184
142 185
142 186
142 190
142 192
142 196
143 144
143 147
143 148
143 153
143 158
143 160
143 163
143 167
143 175
143 177
143 183
143 187
143 188
143 193
143 195
143 196
143 197
144 145
144 159
144 161
144 162
144 169
144 176
144 178
144 180
144 181
144 184
144 191
144 194
145 152
145 154
145 155
145 158
145 162
145 166
145 170
145 175
145 176
145 177
145 178
145 181
145 183
145 185
145 186
145 187
145 189
145 190
145 196
145 199
146 150
146 153
146 155
146 156
146 158
146 159
146 164
146 165
146 180
146 183
146 185
146 189
146 192
146 195
146 199
147 149
147 153
147 163
147 164
147 170
147 171
147 172
147 176
147 179
147 180
147 181
147 188
147 190
147 193
147 194
148 149
148 150
148 155
148 157
148 168
148 170
148 171
148 172
148 173
148 180
148 185
148 186
148 188
148 190
148 193
148 195
148 198
148 199
149 151
149 159
149 161
149 163
149 164
149 166
149 167
149 173
149 174
149 180
149 182
149 186
149 189
149 194
149 199
150 157
150 159
150 163
150 164
150 166
150 168
150 170
150 181
150 183
150 184
150 186
150 188
150 189
150 192
150 196
150 198
151 156
151 157
151 158
151 160
151 162
151 166
151 168
151 173
151 177
151 178
151 185
151 186
151 187
151 190
151 191
151 194
151 195
151 196
151 197
151 198
152 153
152 154
152 156
152 162
152 164
152 167
152 173
152 176
152 178
152 180
152 186
152 190
153 156
153 163
153 166
153 167
153 172
153 177
153 181
153 183
153 186
153 191
153 197
154 159
154 161
154 162
154 165
154 171
154 172
154 174
154 175
154 176
154 178
154 181
154 182
154 184
154 185
154 188
154 189
154 191
154 193
154 196
155 156
155 157
155 158
155 159
155 161
155 162
155 169
155 173
155 176
155 180
155 182
155 184
155 185
155 186
155 193
156 157
156 159
156 162
156 164
156 176
156 179
156 184
156 198
157 163
157 164
157 165
157 166
157 167
157 168
157 169
157 176
157 178
157 182
157 183
157 190
157 191
157 195
157 196
158 178
158 165
158 161
158 184
158 185
158 170
159 160
159 162
159 164
159 165
159 167
159 169
159 174
159 177
159 179
159 180
159 182
159 188
159 189
159 190
159 191
159 192
159 193
159 196
160 161
160 166
160 171
160 172
160 186
160 187
160 189
160 191
160 198
161 162
161 166
161 168
161 175
161 177
161 179
161 181
161 182
161 184
161 191
161 193
161 199
162 163
162 166
162 168
162 169
162 171
162 172
162 173
162 178
162 179
162 187
162 191
162 192
162 193
162 194
162 197
162 199
163 164
163 171
163 175
163 176
163 177
163 179
163 188
163 190
163 192
163 195
163 196
163 199
164 168
164 171
164 172
164 175
164 177
164 179
164 183
164 186
164 187
164 196
164 199
165 166
165 170
165 172
165 175
165 177
165 181
165 187
165 188
165 196
166 176
166 177
166 197
166 198
166 199
167 168
167 169
167 171
167 172
167 176
167 181
167 182
167 183
167 184
167 186
167 188
167 190
167 194
167 195
167 198
168 180
168 183
168 184
168 187
168 191
168 192
168 195
169 174
169 184
169 186
169 187
169 188
169 192
169 193
169 197
169 199
170 172
170 178
170 179
170 180
170 183
170 185
170 192
170 194
170 195
170 196
170 197
170 198
171 174
171 177
171 181
171 192
171 197
172 175
172 178
172 179
172 184
172 185
172 187
172 189
173 174
173 175
173 176
173 178
173 179
173 182
173 183
173 185
173 196
173 197
174 185
174 186
174 190
174 192
174 195
174 199
175 198
175 193
175 177
175 182
175 186
176 177
176 179
176 180
176 184
176 187
176 190
176 191
176 194
176 195
176 196
176 198
177 179
177 181
177 186
177 190
177 191
177 192
178 180
178 181
178 189
178 196
179 186
179 188
179 190
180 182
180 187
180 188
180 192
180 193
180 198
180 199
181 182
181 186
181 187
181 193
181 199
182 189
182 193
182 199
183 192
183 194
183 197
184 185
184 186
184 187
184 190
184 192
184 196
184 198
184 199
185 189
185 194
185 196
185 197
185 198
186 187
186 191
186 194
186 196
186 198
186 199
187 189
187 192
187 194
187 199
188 191
188 194
188 196
188 199
189 192
191 193
191 195
191 199
192 193
192 195
192 196
192 197
192 198
193 194
193 198
195 198
197 198
198 199
