0 769
0 3
0 4
0 265
0 10
0 271
0 658
0 23
0 24
0 670
0 927
0 292
0 40
0 688
0 177
0 54
0 55
0 702
0 69
0 737
0 72
0 468
0 470
0 216
0 90
0 97
0 233
0 106
0 239
0 249
0 255
1 3
1 4
1 7
1 9
1 522
1 651
1 962
1 15
1 259
1 20
1 152
1 25
1 32
1 33
1 43
1 49
1 562
1 57
1 443
1 757
1 66
1 212
1 85
1 479
1 736
1 490
1 19
1 245
1 660
1 122
1 510
2 385
2 3
2 5
2 6
2 487
2 137
2 903
2 809
2 581
2 15
2 625
2 498
2 681
2 316
2 29
2 894
2 95
3 515
3 4
3 5
3 648
3 11
3 653
3 662
3 132
3 22
3 553
3 46
3 695
3 825
3 736
3 980
3 88
3 224
3 227
3 498
3 247
4 5
4 6
4 7
4 8
4 11
4 13
4 14
4 15
4 17
4 18
4 19
4 20
4 21
4 25
4 517
4 35
4 37
4 40
4 43
4 45
4 47
4 560
4 49
4 51
4 55
4 59
4 65
4 73
4 77
4 78
4 80
4 90
4 98
4 618
4 107
4 637
4 126
4 138
4 150
4 156
4 167
4 683
4 685
4 181
4 697
4 191
4 709
4 203
4 720
4 888
4 219
4 890
4 741
4 236
4 264
4 268
4 784
4 282
4 284
4 285
4 288
4 801
4 805
4 811
4 814
4 309
4 312
4 826
4 318
4 831
4 323
4 843
4 854
4 346
4 868
4 875
4 364
4 367
4 882
4 376
4 377
4 378
4 893
4 383
4 390
4 416
4 420
4 422
4 939
4 941
4 433
4 456
4 464
4 471
4 995
5 6
5 7
5 9
5 10
5 14
5 533
5 22
5 536
5 516
5 33
5 554
5 555
5 45
5 50
5 52
5 565
5 54
5 56
5 62
5 66
5 73
5 74
5 75
5 78
5 85
5 87
5 89
5 603
5 92
5 93
5 94
5 111
5 115
5 124
5 993
5 133
5 134
5 648
5 155
5 157
5 160
5 162
5 170
5 186
5 189
5 200
5 201
5 726
5 215
5 732
5 222
5 741
5 765
5 270
5 795
5 290
5 291
5 301
5 302
5 303
5 306
5 311
5 834
5 839
5 331
5 335
5 345
5 348
5 354
5 894
5 384
5 899
5 390
5 392
5 910
5 407
5 417
5 932
5 428
5 453
5 674
5 481
5 994
5 499
5 501
5 502
5 507
6 8
6 9
6 10
6 779
6 12
6 941
6 528
6 148
6 534
6 28
6 30
6 418
6 163
6 165
6 681
6 684
6 813
6 136
6 51
6 137
6 314
6 117
6 193
6 324
6 453
6 333
6 338
6 341
6 216
6 89
6 442
6 606
6 232
6 233
6 245
6 633
7 130
7 129
7 8
7 905
7 11
7 16
7 658
7 664
7 281
7 27
7 937
7 812
7 306
7 861
7 50
7 180
7 565
7 56
7 957
7 886
7 586
7 76
7 80
7 465
7 466
7 86
7 93
7 226
7 483
7 111
7 880
7 117
7 246
7 760
7 382
8 517
8 142
8 792
8 276
8 24
8 415
8 36
8 424
8 302
8 48
8 177
8 53
8 479
8 441
8 315
8 703
8 64
8 963
8 853
8 730
8 350
8 223
8 97
8 485
8 361
8 236
8 755
8 500
8 117
8 635
9 17
9 279
9 908
9 141
9 16
9 145
9 18
9 19
9 22
9 23
9 826
9 537
9 28
9 645
9 164
9 678
9 42
9 711
9 47
9 436
9 310
9 695
9 58
9 322
9 707
9 327
9 75
9 209
9 722
9 724
9 858
9 733
9 95
9 225
9 99
9 81
9 106
9 231
9 627
10 294
10 132
10 647
10 12
10 271
10 144
10 771
10 148
10 21
10 280
10 26
10 28
10 541
10 517
10 548
10 293
10 38
10 568
10 301
10 942
10 797
10 49
10 182
10 183
10 312
10 955
10 444
10 701
10 67
10 68
10 140
10 206
10 207
10 209
10 853
10 475
10 349
10 613
10 352
10 226
10 763
10 101
10 103
10 360
10 105
10 110
10 372
10 885
10 20
10 506
10 123
10 254
11 514
11 646
11 407
11 12
11 13
11 14
11 144
11 17
11 643
11 278
11 23
11 409
11 29
11 31
11 35
11 36
11 805
11 166
11 400
11 42
11 46
11 947
11 437
11 54
11 568
11 187
11 63
11 580
11 965
11 332
11 83
11 821
11 214
11 727
11 548
11 770
11 220
11 223
11 16
11 996
11 997
11 365
11 112
11 114
11 883
11 376
11 121
11 426
12 161
12 948
12 518
12 855
12 72
12 595
12 13
12 660
12 495
12 18
12 83
12 52
12 279
12 57
12 155
12 522
12 575
12 31
13 908
13 267
13 398
13 685
13 659
13 21
13 24
13 809
13 170
13 555
13 173
13 686
13 816
13 825
13 972
13 585
13 844
13 215
13 250
13 114
13 244
13 122
13 636
13 255
14 386
14 771
14 321
14 469
14 396
14 955
14 270
14 531
14 661
14 644
14 669
14 287
14 928
14 70
14 294
14 39
14 53
14 823
14 31
14 65
14 198
14 583
14 329
14 334
14 462
14 93
14 222
14 608
14 738
14 99
14 104
14 105
14 879
14 118
14 123
14 443
14 383
15 128
15 739
15 474
15 833
15 105
15 362
15 107
15 878
15 752
15 903
15 169
15 88
15 153
15 26
15 27
15 988
15 29
16 546
16 38
16 522
16 48
16 81
16 467
16 341
16 312
16 661
17 293
17 786
17 244
17 841
17 505
17 155
17 156
17 61
17 572
18 131
18 655
18 147
18 149
18 260
18 30
18 32
18 734
18 34
18 676
18 421
18 39
18 554
18 43
18 428
18 687
18 53
18 314
18 586
18 447
18 963
18 712
18 204
18 330
18 76
18 222
18 935
18 531
18 255
19 842
19 716
19 127
20 643
20 518
20 385
20 44
20 269
20 527
20 528
20 275
20 789
20 793
20 772
20 495
20 541
20 419
20 294
20 935
20 40
20 41
20 172
20 45
20 433
20 50
20 51
20 862
20 567
20 313
20 266
20 580
20 712
20 969
20 931
20 659
20 185
20 94
20 224
20 870
20 742
20 230
20 616
20 490
20 107
20 61
20 403
20 503
21 897
21 26
21 411
21 668
21 37
21 167
21 284
21 301
21 59
21 190
21 64
21 77
21 269
21 463
21 124
21 109
21 240
21 374
21 252
22 262
22 279
22 156
22 158
22 34
22 163
22 902
22 557
22 174
22 180
22 445
22 577
22 200
22 207
22 721
22 730
22 860
22 421
22 353
23 162
23 549
23 881
23 264
23 810
23 578
23 797
23 726
23 296
23 211
23 84
23 405
23 86
23 41
23 744
23 825
23 253
23 361
24 33
24 36
24 193
24 225
24 338
24 615
24 25
24 252
24 94
25 131
25 237
25 365
25 176
25 178
25 915
25 228
25 27
25 284
25 669
26 34
26 266
26 396
27 32
27 771
27 828
27 553
27 646
27 456
27 41
27 364
27 496
27 660
27 950
27 119
27 58
27 79
27 460
27 221
27 30
27 63
28 515
28 391
28 904
28 139
28 525
28 399
28 913
28 161
28 676
28 37
28 940
28 173
28 559
28 265
28 57
28 701
28 702
28 449
28 199
28 72
28 74
28 334
28 211
28 213
28 902
28 527
28 223
28 98
28 998
28 417
28 118
28 507
29 611
29 135
29 42
29 397
29 48
29 274
29 887
29 84
29 951
29 151
29 298
29 61
30 705
30 35
30 421
30 651
30 972
30 304
30 403
30 628
30 949
30 317
30 62
30 287
31 674
31 103
31 904
31 553
31 74
31 79
31 657
31 630
31 959
31 63
32 875
32 148
32 799
32 165
32 44
32 47
32 187
32 60
32 62
32 831
32 580
32 73
32 459
32 974
32 464
32 211
32 102
32 744
32 233
32 235
32 364
32 112
32 884
32 887
32 765
32 511
33 162
33 283
33 100
33 838
33 39
33 104
33 682
33 267
33 296
33 174
33 557
33 113
33 451
33 501
33 822
33 91
33 124
33 133
34 134
34 285
34 158
34 552
34 304
34 689
34 569
34 827
34 319
34 194
34 963
34 77
34 212
34 984
34 610
34 489
34 759
34 632
34 378
34 508
35 770
35 777
35 282
35 930
35 806
35 680
35 298
35 171
35 44
35 46
35 431
35 926
35 824
35 500
35 317
35 67
35 69
35 71
35 846
35 848
35 81
35 851
35 212
35 101
35 352
35 739
35 228
35 102
35 230
35 109
35 829
35 116
36 289
36 38
36 879
36 176
36 273
36 282
37 626
37 183
37 120
37 350
38 256
38 163
38 677
38 263
38 241
38 375
38 324
38 60
39 896
39 266
39 907
39 909
39 938
39 953
39 224
39 66
39 395
39 78
39 463
39 982
39 217
39 730
39 347
39 96
39 484
39 231
39 492
39 751
39 372
39 763
39 253
40 645
40 232
40 55
40 213
40 87
40 120
40 340
40 709
41 450
41 261
41 358
41 263
41 883
41 170
41 423
41 367
41 319
41 534
41 181
41 310
41 632
41 948
41 58
41 90
41 159
42 866
42 230
43 323
43 869
43 71
43 82
43 787
43 921
43 154
44 146
44 536
44 410
44 668
44 545
44 550
44 941
44 561
44 435
44 52
44 205
44 343
44 88
44 89
44 990
44 353
44 100
44 749
44 881
44 890
44 251
45 322
45 867
45 295
45 137
45 975
45 467
45 952
45 250
45 859
45 549
46 128
46 918
46 776
46 940
46 138
46 528
46 131
46 406
46 152
46 159
46 172
46 558
46 181
46 318
46 194
46 67
46 68
46 202
46 588
46 593
46 82
46 83
46 342
46 859
46 735
46 96
46 97
46 99
46 742
46 977
46 235
46 629
47 129
47 489
47 229
47 70
47 455
47 168
47 567
47 679
47 82
47 563
47 457
47 576
47 602
48 387
48 393
48 395
48 406
48 921
48 286
48 520
48 309
48 884
48 442
48 839
48 339
48 340
48 725
48 217
48 346
48 221
48 351
48 96
48 366
48 372
48 886
48 123
48 125
49 544
49 524
50 257
50 326
50 136
50 316
50 298
50 172
50 639
50 79
50 534
50 635
50 60
50 189
50 190
50 261
51 787
51 565
52 320
52 577
52 219
52 681
52 640
52 108
52 259
52 343
52 56
52 186
52 91
52 92
52 893
52 101
53 769
53 854
53 780
53 145
53 147
53 405
53 663
53 153
53 299
53 684
53 561
53 178
53 184
53 188
53 68
53 457
53 590
53 824
53 86
53 91
53 864
53 484
54 780
54 919
54 152
54 924
54 169
54 432
54 434
54 59
54 965
54 71
54 712
54 84
54 87
54 229
54 742
54 113
54 756
54 245
54 637
54 638
55 199
55 871
55 136
55 564
55 855
56 518
56 783
56 494
56 157
56 389
56 929
56 774
56 299
56 943
56 563
56 564
56 321
56 588
56 973
56 718
56 185
56 436
56 473
56 745
56 238
56 125
56 127
57 64
57 258
57 582
57 422
57 901
58 641
58 683
58 118
58 599
58 689
58 214
58 536
58 862
59 960
59 368
59 436
59 154
59 501
60 768
60 867
60 69
61 450
61 765
61 292
61 133
61 582
61 679
61 360
61 425
61 202
61 331
61 76
61 925
61 349
61 112
61 573
61 682
61 456
61 217
62 65
62 195
62 970
62 848
62 788
62 382
62 920
62 953
62 379
63 459
63 869
63 680
63 649
63 202
63 300
63 237
63 567
64 978
64 386
64 987
64 516
64 327
64 455
64 914
64 594
64 313
64 922
64 603
64 597
65 641
65 918
65 295
65 860
65 327
65 365
65 273
65 466
65 755
65 142
65 807
65 281
65 575
65 412
65 509
65 437
66 229
66 425
66 957
66 753
66 178
66 817
67 804
67 966
67 70
67 654
67 504
67 794
67 383
68 547
68 818
68 414
69 938
69 397
69 366
69 815
69 337
69 276
69 789
69 119
69 856
69 634
69 573
70 98
70 238
71 197
71 662
71 239
71 984
71 538
71 317
72 448
72 75
72 206
72 889
72 121
73 201
73 923
74 146
74 261
75 930
75 996
75 690
75 378
76 226
76 135
76 296
76 748
76 429
76 142
76 271
76 115
76 150
76 631
77 149
78 353
78 197
78 134
78 519
78 413
78 420
78 157
78 766
79 257
79 194
79 870
79 168
79 688
79 462
79 911
79 80
79 599
79 767
79 605
80 962
80 539
80 102
80 265
80 587
80 460
80 207
80 85
80 444
81 802
81 867
81 111
81 179
81 283
81 733
82 198
82 486
82 808
82 624
82 563
82 590
82 791
82 888
82 218
83 329
83 803
84 342
84 390
84 808
84 937
84 106
84 919
84 717
84 845
84 872
84 246
84 376
84 249
84 847
84 958
85 344
85 130
85 323
85 100
85 952
85 616
85 779
85 171
85 140
85 482
85 270
85 209
85 307
85 182
85 280
85 196
85 731
85 190
86 240
86 258
86 505
86 337
86 613
86 328
86 289
86 334
86 208
86 113
86 114
86 724
86 472
86 473
86 666
86 252
87 672
87 225
87 290
87 822
87 682
87 108
87 526
87 591
87 400
87 723
87 308
87 827
87 606
88 164
88 888
88 126
89 900
89 371
89 408
89 634
89 797
89 95
90 796
90 743
90 180
90 149
90 246
90 728
90 121
90 92
90 437
91 672
91 500
91 612
91 326
91 417
91 104
91 393
91 138
91 519
91 109
91 503
91 345
91 330
91 958
91 127
92 161
92 899
93 363
93 103
93 873
93 108
93 175
93 371
93 789
93 150
93 538
93 219
93 286
93 799
94 715
94 143
94 115
94 670
95 416
95 609
95 676
95 166
95 234
95 171
95 140
95 964
95 751
95 336
95 572
95 798
95 447
96 788
96 985
96 125
96 159
97 354
97 168
97 872
98 274
98 626
99 234
99 698
99 926
100 128
100 356
100 166
100 705
100 841
100 272
100 727
100 248
100 287
101 452
101 139
101 110
101 945
101 182
101 119
101 122
101 151
101 158
102 449
102 654
102 239
102 337
102 184
102 729
103 448
103 673
103 999
103 141
103 782
103 429
103 756
103 120
103 506
103 604
104 891
104 900
104 837
104 593
104 203
104 716
104 141
104 143
104 472
104 238
104 471
104 440
104 218
105 994
105 263
105 552
105 139
105 186
105 318
106 388
107 960
107 167
107 457
107 619
107 268
107 494
107 656
107 439
107 184
107 601
107 218
107 367
107 413
108 706
108 132
108 636
108 622
108 374
108 185
108 153
108 220
109 603
109 619
109 530
109 110
109 401
109 146
109 693
110 672
110 929
110 260
110 249
110 637
111 192
111 411
111 243
111 297
111 330
111 179
111 440
111 666
111 315
111 476
111 733
112 621
112 533
112 247
112 411
113 169
114 978
114 129
114 778
114 303
114 785
114 210
114 819
114 116
114 532
114 126
115 609
115 428
115 494
115 116
115 479
116 677
116 686
116 885
116 343
117 706
117 556
117 430
117 817
117 566
117 408
117 601
117 250
117 891
118 576
118 513
118 389
118 455
118 458
118 300
118 175
118 187
118 861
119 192
119 612
119 262
119 938
119 396
119 468
120 949
120 631
121 160
121 800
121 995
121 293
121 392
121 243
121 923
122 908
122 493
122 175
122 400
122 574
124 900
124 617
124 208
124 143
124 144
124 852
124 853
124 597
125 857
126 946
126 954
127 195
127 165
127 398
127 242
127 404
127 692
127 884
128 130
128 685
128 220
129 555
129 268
129 302
130 321
130 803
130 832
130 135
130 480
130 173
130 775
130 145
130 835
130 183
130 510
131 786
131 762
132 560
132 532
132 341
132 887
133 384
133 836
133 198
133 649
133 274
133 979
133 992
134 639
135 164
135 717
135 308
135 951
135 280
135 154
135 414
135 191
136 814
136 241
136 213
136 347
136 188
136 799
137 729
138 438
139 241
139 649
139 604
140 192
140 708
140 267
140 283
141 643
141 516
141 358
141 746
141 333
141 463
141 405
141 408
141 286
142 622
143 550
143 657
143 968
143 348
144 199
144 783
144 336
144 147
144 697
145 620
145 774
145 961
145 204
145 435
145 461
145 693
145 243
145 151
145 377
145 591
145 829
145 575
146 160
146 454
146 487
146 652
146 477
146 210
146 495
146 426
147 292
147 713
147 531
147 595
148 227
148 454
148 231
148 937
148 588
148 401
148 338
148 664
148 933
149 429
149 362
150 817
150 235
150 206
150 305
150 766
150 254
151 928
151 745
151 722
151 471
151 410
151 285
152 959
153 332
153 177
153 499
153 188
153 492
153 798
154 897
154 385
154 259
154 816
154 477
155 704
155 737
155 597
155 375
155 933
155 800
155 191
156 320
156 362
156 526
156 629
156 983
156 228
156 508
156 541
157 451
157 359
157 561
157 210
157 665
157 379
158 772
158 551
158 762
158 493
158 656
158 305
158 278
158 537
158 476
158 349
158 542
158 613
159 325
159 592
159 277
159 521
159 665
160 705
160 571
160 251
160 670
160 831
161 193
161 840
161 176
161 916
161 380
162 196
162 847
162 572
163 680
164 801
164 934
164 975
164 248
164 314
164 924
164 446
165 642
165 358
165 748
165 618
165 204
165 559
165 721
165 969
165 901
165 607
165 415
166 583
166 439
167 278
167 174
168 795
168 688
168 277
168 604
168 734
169 407
169 205
169 336
169 247
169 345
170 481
170 781
170 976
170 540
170 767
172 416
172 579
172 324
172 498
173 195
174 260
174 422
174 264
174 299
176 482
176 515
176 262
176 497
176 234
176 427
176 369
176 819
176 967
177 257
177 874
177 748
177 895
178 449
178 356
178 197
178 423
178 622
178 179
178 983
178 728
178 511
179 256
179 394
179 242
179 761
180 289
180 475
180 965
180 584
180 809
180 300
180 473
180 379
181 216
181 476
182 803
182 751
182 208
182 586
182 382
183 402
183 344
183 189
184 386
184 232
184 802
184 719
184 914
184 727
184 316
184 830
185 642
185 684
185 388
185 460
185 441
186 387
186 583
186 200
186 340
187 731
188 215
189 352
190 640
190 394
190 434
191 975
191 628
191 980
193 288
193 363
193 196
193 764
193 203
193 695
193 251
193 700
193 507
194 617
194 370
194 881
194 434
194 638
194 446
195 354
195 707
195 297
195 237
195 578
195 777
195 409
195 415
195 253
196 713
197 710
198 635
198 529
198 504
198 315
199 355
199 201
199 523
199 950
199 856
201 288
201 394
201 306
202 482
202 488
202 240
202 465
202 892
203 785
203 661
203 694
204 391
204 273
204 205
204 409
204 667
204 959
205 355
206 592
206 275
206 221
207 432
207 328
207 747
207 366
207 925
207 850
207 307
207 570
207 746
207 991
208 615
208 489
208 432
208 214
208 313
209 582
209 470
209 990
209 735
210 714
210 277
210 351
211 441
212 448
212 236
212 227
212 512
212 987
212 447
213 256
213 360
213 625
213 700
213 381
214 391
214 594
214 659
215 332
215 368
215 509
215 991
216 793
216 824
217 923
218 481
218 675
218 821
219 272
219 425
220 864
220 291
220 843
220 333
220 350
221 290
221 420
221 242
221 371
221 820
221 569
222 898
222 773
224 275
224 389
227 816
227 738
227 741
227 656
228 614
229 258
229 402
229 435
229 244
229 248
229 404
230 749
230 879
231 545
231 677
231 647
231 370
231 837
232 608
232 452
232 792
232 957
232 584
232 445
232 319
233 496
233 465
233 309
233 624
234 529
235 493
235 504
235 442
236 359
236 971
236 311
236 696
236 254
237 650
238 357
238 404
238 927
239 551
239 490
239 331
239 269
239 846
239 967
239 895
240 325
240 615
240 841
240 720
240 953
240 380
240 381
241 325
241 438
242 384
242 645
242 723
242 638
243 840
243 403
243 373
244 610
244 554
244 790
244 858
245 832
245 775
245 757
245 857
245 351
246 419
246 342
247 514
247 430
248 547
248 589
248 398
248 272
248 612
248 276
248 311
250 363
250 548
250 427
250 431
250 948
250 694
250 503
251 885
252 488
253 997
253 307
253 766
254 491
254 716
254 621
255 737
255 876
255 913
256 291
258 295
258 969
258 973
259 728
259 915
260 297
260 347
261 335
261 469
261 533
262 752
262 805
262 397
262 369
262 664
263 779
263 701
264 835
264 858
264 412
265 706
265 744
265 794
266 480
266 807
266 942
266 370
267 810
267 671
269 711
269 616
269 361
270 834
270 328
270 426
270 305
270 281
270 894
270 725
271 424
271 524
271 840
271 873
272 502
272 759
272 511
274 979
275 802
275 835
275 424
275 690
275 478
275 468
275 474
275 443
275 348
275 414
276 523
276 492
277 594
278 871
278 913
278 600
279 839
279 523
279 621
279 304
279 530
279 439
279 859
280 587
280 308
281 955
281 433
283 512
283 395
283 401
283 566
284 454
284 587
284 540
286 654
286 974
286 662
286 922
288 640
288 876
288 912
289 866
289 961
290 546
290 648
290 459
290 310
290 699
292 653
292 303
292 380
292 734
293 519
295 388
295 359
295 446
296 356
296 357
296 577
296 392
296 368
296 945
296 564
296 373
296 633
296 474
297 525
298 608
298 791
298 602
298 508
299 339
299 947
299 956
300 322
300 461
300 477
300 445
301 571
302 988
302 775
303 329
303 823
303 532
303 585
303 796
304 966
305 560
305 930
306 542
307 458
307 514
309 750
309 868
310 335
311 320
311 326
311 709
312 772
312 811
312 590
312 982
312 410
313 611
313 936
313 623
313 467
313 406
313 346
313 863
314 578
314 418
314 339
314 669
315 898
315 882
315 798
317 673
317 740
317 584
317 750
317 754
317 819
317 952
318 520
318 912
320 739
320 713
320 505
321 632
321 375
321 893
322 562
322 355
323 609
323 732
324 812
325 919
325 657
326 570
327 599
327 369
328 418
328 886
328 934
328 974
328 846
328 571
329 419
329 373
329 470
329 666
330 970
331 557
331 710
332 377
332 453
334 544
335 512
335 357
335 939
335 844
335 593
336 525
337 652
337 784
337 344
337 485
338 611
338 708
338 521
338 620
338 461
338 438
339 768
339 833
339 994
339 687
339 820
339 860
339 574
340 983
340 719
342 484
342 450
343 863
343 678
344 801
344 581
345 815
345 968
345 750
345 399
345 464
345 691
345 980
345 703
346 513
346 620
346 431
349 475
349 911
350 944
350 374
350 535
352 842
353 917
354 804
354 402
354 387
355 849
355 978
355 627
355 469
357 547
357 987
357 863
358 856
358 430
359 497
359 542
360 924
361 585
362 989
363 928
363 718
364 696
364 381
365 570
368 641
371 786
372 535
374 486
374 487
374 631
374 920
374 444
375 462
376 992
376 929
376 451
376 714
376 539
380 556
380 569
380 412
381 399
382 623
382 452
383 783
384 704
384 931
384 393
384 758
385 915
386 513
387 427
388 537
388 989
389 602
389 972
391 423
391 700
391 878
391 759
392 966
392 502
392 598
392 573
393 546
393 939
393 440
394 552
394 970
394 753
394 920
394 540
397 488
397 719
397 692
397 828
397 478
397 927
399 837
399 714
399 658
399 600
400 986
400 981
402 483
402 663
404 693
404 618
405 413
406 826
406 743
407 683
407 626
407 483
408 678
408 526
409 909
409 971
409 596
412 910
415 458
415 724
415 906
415 485
416 686
416 628
417 710
417 723
417 694
418 591
418 499
418 985
419 581
419 807
419 743
419 985
422 699
423 535
423 796
425 510
429 764
429 466
432 773
432 806
432 753
432 509
434 962
434 869
434 988
434 892
437 916
437 791
438 752
439 906
439 820
439 600
441 754
441 691
441 696
442 973
444 674
444 877
444 790
446 558
448 995
448 486
449 823
449 539
449 956
450 763
454 902
455 870
455 903
455 491
455 909
455 497
455 984
455 607
456 762
456 874
456 687
456 698
456 699
457 472
457 857
457 917
458 579
458 774
459 478
463 624
465 614
465 589
465 790
465 828
466 738
466 491
466 527
466 986
467 808
467 633
468 787
469 811
469 954
471 576
471 551
472 896
472 749
472 729
473 524
473 794
477 480
479 642
479 549
479 834
479 880
481 543
482 592
482 651
482 778
483 836
483 813
483 496
485 538
486 708
486 650
486 755
488 776
489 715
490 795
492 981
492 726
492 926
494 520
494 601
494 543
495 647
495 607
495 862
495 671
496 673
496 667
496 595
500 845
501 627
501 598
502 544
504 850
504 506
504 634
505 530
506 866
508 550
509 936
510 999
510 829
513 644
515 891
516 665
517 931
517 934
517 521
518 999
520 614
520 814
520 977
521 679
521 877
521 944
521 918
521 639
522 877
522 663
523 610
523 943
523 529
524 914
525 747
526 764
527 776
527 718
527 543
528 668
528 605
529 545
529 901
530 968
530 850
531 579
531 650
533 949
534 703
535 852
535 810
538 605
539 896
539 773
539 692
540 836
540 617
540 558
540 815
540 761
541 704
541 636
541 562
541 735
541 671
542 574
543 619
543 556
543 559
543 851
546 804
546 596
546 568
547 910
548 878
550 876
550 566
551 589
552 625
553 889
554 800
554 992
554 653
555 977
555 873
556 720
557 702
559 655
563 655
563 758
565 784
566 689
567 761
569 675
569 629
570 623
571 646
572 768
572 838
576 851
576 598
577 940
578 830
578 822
579 717
579 935
580 838
580 848
580 596
584 777
584 760
584 606
585 746
590 644
590 827
590 958
593 736
595 781
596 865
596 907
596 782
596 951
601 950
601 767
604 812
604 936
604 630
606 630
611 912
612 890
612 942
613 782
617 698
619 932
623 933
624 758
628 675
629 760
631 667
632 852
635 845
637 818
638 740
639 921
640 865
641 740
641 778
643 998
644 947
649 652
651 916
653 725
656 721
657 883
658 806
661 849
664 697
665 756
666 690
667 868
668 711
669 871
672 899
673 731
680 882
680 781
682 906
683 932
683 844
683 691
685 865
685 996
685 997
685 842
691 843
694 961
695 847
696 745
703 707
703 757
703 732
703 821
704 832
704 874
707 722
707 747
712 715
713 917
714 769
719 818
720 770
721 943
723 833
725 792
725 895
731 911
734 925
740 780
742 905
746 861
748 813
752 754
753 982
763 993
766 964
771 830
772 785
776 793
776 971
777 788
778 944
784 945
790 849
793 854
795 986
799 905
805 855
815 979
815 991
826 880
826 960
828 904
828 889
836 897
844 892
845 872
846 875
850 956
850 990
853 989
858 898
858 967
858 946
861 922
862 864
864 907
872 976
894 993
903 954
904 964
929 946
931 976
941 998
946 981
